FLAM
80.7326 1.496e-14
92.0318 1.09168e-13
103.33099999999999 2.05701e-13
114.63 1.32074e-13
125.929 1.81864e-13
137.22899999999998 1.21463e-13
148.528 1.10035e-13
159.827 1.03462e-13
171.126 8.80619e-14
182.425 8.12527e-14
193.724 7.9464e-14
205.02399999999997 6.76392e-14
216.323 6.1368e-14
227.62199999999999 5.87814e-14
238.921 5.80705e-14
250.21999999999997 5.65284e-14
261.519 5.25386e-14
272.819 5.19508e-14
284.118 5.31815e-14
295.41700000000003 4.57099e-14
306.716 4.00719e-14
318.015 4.07907e-14
329.315 3.77075e-14
340.614 3.50733e-14
351.913 3.20852e-14
363.212 3.02017e-14
374.511 2.80533e-14
385.81 2.68694e-14
397.11 2.51432e-14
408.409 2.30735e-14
419.70799999999997 2.08475e-14
431.00699999999995 2.25084e-14
442.30600000000004 2.05103e-14
453.60600000000005 2.11456e-14
464.90500000000003 1.95228e-14
476.204 1.81989e-14
487.503 2.79022e-14
498.802 2.06761e-14
510.101 1.57029e-14
521.4010000000001 1.6188e-14
532.7 1.58658e-14
543.999 1.44784e-14
555.298 1.45106e-14
566.597 1.35766e-14
577.896 1.39198e-14
589.196 1.40768e-14
600.495 1.27312e-14
611.794 1.30571e-14
623.0930000000001 1.23797e-14
634.392 1.25567e-14
645.692 1.52064e-14
656.991 6.53476e-14
668.29 1.52689e-14
679.589 1.27026e-14
690.888 1.33607e-14
702.187 1.34279e-14
713.487 1.31606e-14
724.786 1.24531e-14
736.085 1.28181e-14
747.384 1.35081e-14
758.683 1.40773e-14
769.983 1.35596e-14
781.2819999999999 1.34311e-14
792.581 1.37071e-14
803.88 1.33162e-14
815.179 1.26061e-14
826.4780000000001 1.1687e-14
853.6510000000001 1.38522e-14
894.3 1.16585e-14
936.884 1.07724e-14
981.4959999999999 9.88469e-15
1028.23 9.78501e-15
1077.19 1.27752e-14
1128.49 1.06995e-14
1182.22 8.73136e-15
1238.52 8.54152e-15
1297.49 9.66875e-15
1359.28 8.83094e-15
1424.0 8.92708e-15
1491.81 8.50231e-15
1562.85 7.99443e-15
1637.26 8.56958e-15
1715.23 8.51443e-15
1796.9 7.99755e-15
1882.47 9.88932e-15
1972.1 7.9669e-15
2066.0099999999998 8.18453e-15
2164.3900000000003 8.50942e-15
2267.45 9.76533e-15
2375.42 7.10758e-15
2488.5299999999997 7.94045e-15
2607.0299999999997 7.53052e-15
2731.17 6.56361e-15
2861.2200000000003 6.03539e-15
2997.4700000000003 5.34228e-15
3140.2 5.71233e-15
3289.7300000000005 5.47408e-15
3446.38 5.71446e-15
